140-upload-2025-08-21-10-01-41.csv,2025-08-21 14:42:51 +08:00,中國駭客入侵建國中學,https://cdn.jsdelivr.net/gh/TRocket-Go/T-Bullet-Test-R@main/img/140-upload-2025-08-21-10-01-41-1.webp,"中國駭客,滲透,統戰,建國中學,資訊安全,",https://cdn.jsdelivr.net/gh/TRocket-Go/T-Bullet-Test-R@main/img/140-upload-2025-08-21-10-01-41-2.webp,中國駭客入侵建國中學並進行統戰行動\n,
